local XanaxUILib = loadstring(game:HttpGet("https://pastebin.com/raw/XZz3Ytbu"))()
local Ui = XanaxUILib:CreateWindow("Skrapis")
local Info = Ui:CreateSection("Credits and destroy")
Info:CreateLabel("Made by srivathsanYTuber")

Info:CreateButton("Destroy UI", function() XanaxUILib.functions:DestroyGUI() end)
local ExampleSection = Ui:CreateSection("Universal stuff :)")
ExampleSection:CreateButton("Hydroxide the best remote spy", function()
    local owner = "Upbolt"
local branch = "revision"

local function webImport(file)
    return loadstring(game:HttpGetAsync(("https://raw.githubusercontent.com/%s/Hydroxide/%s/%s.lua"):format(owner, branch, file)), file .. '.lua')()
end

webImport("init")
webImport("ui/main")
    end)

    ExampleSection:CreateButton("Best dex", function()
        local Dex = game:GetObjects("rbxassetid://3567096419")[1]
	Dex.Parent = game.CoreGui

	local function Load(Obj, Url)
		local function GiveOwnGlobals(Func, Script)
			local Fenv = {}
			local RealFenv = {script = Script}
			local FenvMt = {}
			FenvMt.__index = function(a,b)
				if RealFenv[b] == nil then
					return getfenv()[b]
				else
					return RealFenv[b]
				end
			end
			FenvMt.__newindex = function(a, b, c)
				if RealFenv[b] == nil then
					getfenv()[b] = c
				else
					RealFenv[b] = c
				end
			end
			setmetatable(Fenv, FenvMt)
			setfenv(Func, Fenv)
			return Func
		end
		local function LoadScripts(Script)
			if Script.ClassName == "Script" or Script.ClassName == "LocalScript" then
				spawn(function()
					GiveOwnGlobals(loadstring(Script.Source, "=" .. Script:GetFullName()), Script)()
				end)
			end
			for i,v in pairs(Script:GetChildren()) do
				LoadScripts(v)
			end
		end
		LoadScripts(Obj)
	end

	Load(Dex)
end)
ExampleSection:CreateButton("advertise my script", function()


local ohString1 = "use da skrapis script! it has so muchhhhhhh scripts and all the game you want. and best of all, its free! try it out now!"
local ohString2 = "All"

game:GetService("ReplicatedStorage").DefaultChatSystemChatEvents.SayMessageRequest:FireServer(ohString1, ohString2)

end)
local ExampleSection = Ui:CreateSection("Dragon blox")
ExampleSection:CreateButton("autopunch (onlyworking)", function()
    while wait() do
    
        local ohString1 = "Combat"
        local ohBoolean2 = true
        local ohCFrame3 = CFrame.new(5610.82031, 141.765427, -1683.73425, -0.350193352, -0.106537476, 0.930598915, 3.7252903e-09, 0.993510544, 0.113739766, -0.936677456, 0.0398309119, -0.347920775)
        local ohCFrame4 = CFrame.new(5592.44141, 138.039078, -1676.86255, 0.771633863, -0.000280768058, -0.636066914, 0.000313901808, 0.99999994, -6.06086942e-05, 0.636067152, -0.00015289447, 0.771633863)
        local ohCFrame5 = CFrame.new(5345.94727, 164.547668, -1530.94873, -0.499694169, 0.0643573627, 0.863807857, -0, 0.997236133, -0.0742983371, -0.866201878, -0.0371264443, -0.498313099)
        local ohNil6 = nil
        local ohInstance7 = workspace["World Map"]["Multiplier Zones"]["Floating Palace"]["Time Chamber"].Infinity.Part
        local ohTable8 = {
            ["Type"] = 0
        }
        
        game:GetService("ReplicatedStorage").Remotes.SkillRemote:FireServer(ohString1, ohBoolean2, ohCFrame3, ohCFrame4, ohCFrame5, ohNil6, ohInstance7, ohTable8)
        
        local ohString1 = "Combat"
        local ohBoolean2 = false
        local ohCFrame3 = CFrame.new(1932.04517, 572.215698, 1239.80542, 1, 0, 0, 0, 0.965926468, 0.258817017, 0, -0.258817017, 0.965926468)
        local ohCFrame4 = CFrame.new(1932.04517, 568.751465, 1232.40002, -0.809961736, 3.56339491e-08, 0.586482763, -1.40585339e-08, 1, -8.01742672e-08, -0.586482763, -7.31831733e-08, -0.809961736)
        local ohCFrame5 = CFrame.new(1921.25244, 565.871887, 1228.67725, 0.717840433, -0.263691008, 0.644338548, -0, 0.925497651, 0.378753394, -0.696207643, -0.271884501, 0.664359689)
        local ohNil6 = nil
        local ohInstance7 = workspace["World Map"].Islands["Kame Island"].Island.Model.Land.Wedge
        local ohTable8 = {
            ["Hit"] = {},
            ["Type"] = 1
        }
        
        game:GetService("ReplicatedStorage").Remotes.SkillRemote:FireServer(ohString1, ohBoolean2, ohCFrame3, ohCFrame4, ohCFrame5, ohNil6, ohInstance7, ohTable8)
        game:GetService("ReplicatedStorage").Aero.AeroRemoteServices.StatsService.RebirthUp:FireServer()
    end
end)    
local ExampleSection = Ui:CreateSection("anime fighters")
ExampleSection:CreateButton("KJ hub (anime fighters)", function()
    loadstring(game.HttpGet(game, "https://raw.githubusercontent.com/KiJinGaming/FreeScript/main/KJHub.lua"))();
end)
local ExampleSection = Ui:CreateSection("Adopt me")
ExampleSection:CreateButton("Candy farm (adopt me)", function()
    a=game:service'ReplicatedStorage'.Fsys
    for Name, Remote in pairs(debug.getupvalue(require(a).load("RouterClient").init, 4)) do
        Remote.Name = Name
    end
    getgenv().AutoFarm = true
    game:GetService('RunService').Stepped:connect(function()
    if getgenv().AutoFarm then
    game.Players.LocalPlayer.Character.Humanoid:ChangeState(11)
    game:GetService("Workspace").Interiors.Crypt.PotionMinigame.Cauldron.Interaction.CFrame = game.Players.LocalPlayer.Character.HumanoidRootPart.CFrame
    game.Players.LocalPlayer.Character.HumanoidRootPart.CFrame = game:GetService("Workspace").Interiors.Crypt.PotionMinigame.JoinZone.Collider.CFrame
    game:GetService("Workspace").Interiors.Crypt.PotionMinigame.Cauldron.Interaction.CFrame = game.Players.LocalPlayer.Character.HumanoidRootPart.CFrame
    end end)
    while wait() and getgenv().AutoFarm do
    pcall(function()
    for i,v in pairs(game:GetService("Workspace").Interiors.Crypt.PotionMinigame.IngredientBlocks:GetChildren()) do
    if v:FindFirstChild("Visual") then
    wait(1)
    game:GetService("ReplicatedStorage").API:FindFirstChild("HalloweenAPI/PotionGameTakeIngredient"):InvokeServer(v.Name)
    wait(1)
    game:GetService('VirtualInputManager'):SendKeyEvent(true,"E",false,uwu) wait(1)
    end end 
    game:GetService("ReplicatedStorage").API:FindFirstChild("HalloweenAPI/PotionGameAttemptJoin"):FireServer()
    end) end 
end)
local ExampleSection = Ui:CreateSection("Vehicle Simulator")
ExampleSection:CreateButton("VG HUB(Vehicle Simulator)", function()
    loadstring(game:HttpGet('https://raw.githubusercontent.com/1201for/littlegui/main/VehicleSimulator'))()
end)

local ExampleSection = Ui:CreateSection("Toys trading")
ExampleSection:CreateButton("Inf toys (Toys trading)", function()
    for i = 10000,30200,1 do
        local ohString1 = "Stock"
        local ohString2 = i
        local ohNumber3 = 100
        
        game:GetService("ReplicatedStorage").Events.Equipment.EquipmentRE:FireServer(ohString1, ohString2, ohNumber3)
        end
end)
local ExampleSection = Ui:CreateSection("Anime Battle Arena")
ExampleSection:CreateButton("BK HAX (aba ai autoplay)", function()
    loadstring(game:HttpGet(("https://raw.githubusercontent.com/koonpeatch/PeatEX/master/BKHAX/Anime%20battle%20Arena"),true))()

end)
local ExampleSection = Ui:CreateSection("Pet Simulator x")
ExampleSection:CreateButton("GHOSTHUB (Petsimx)", function()
    loadstring(game:HttpGet('https://raw.githubusercontent.com/ScriptRUs/Ryans/main/PetSimulatorXAutofarm.lua'))()
end)

local ExampleSection = Ui:CreateSection("anime fighters")
ExampleSection:CreateButton("KJ hub (anime fighters)", function()
    loadstring(game.HttpGet(game, "https://raw.githubusercontent.com/KiJinGaming/FreeScript/main/KJHub.lua"))();
end)

local ExampleSection = Ui:CreateSection("counter blox")
ExampleSection:CreateButton("SolarisHub(counterblox)", function()
    loadstring(game:HttpGet('https://solarishub.dev/script.lua',true))()
end)
local ExampleSection = Ui:CreateSection("aresnal")
ExampleSection:CreateButton("SolarisHub(aresnal)", function()
    loadstring(game:HttpGet('https://solarishub.dev/script.lua',true))()
end)
local ExampleSection = Ui:CreateSection("Combat warriors")
ExampleSection:CreateButton("CombatWarrirosGUI(COMBATWARRIORS)", function()
    loadstring(game:HttpGet("https://raw.githubusercontent.com/SpiritXmas/Project-Hook/main/required.lua"))()
end)

local ExampleSection = Ui:CreateSection("Clone Tycoon 2")
ExampleSection:CreateButton("BestGui(CloneTycoon2)", function()
    task.spawn(loadstring(game:HttpGet("https://paste.ee/r/N0fo7/0")),[[also if it doesn't load look in the console for some warns / errors]])
end)
